dataset_cx1

Anylogic            Modelo
Tempo   Tamanho     Tempo   Tamanho
240	    240         240	    247
480	    209         480	    221
720	    179         720	    194
960	    150         960	    168
1,200	119         1,200	133
1,440	89          1,440	100
1,680	59          1,680	64
1,920	27          1,920	28
2,160	0           2,160	0
2,400	0           2,400	0

dataset_cx2

Anylogic            Modelo
Tempo   Tamanho     Tempo   Tamanho     
240	    13          240	    247
480	    19          480	    222
720	    26          720	    196
960	    33          960	    169
1,200	44          1,200	136
1,440	56          1,440	101
1,680	65          1,680	65
1,920	78          1,920	28
2,160	85          2,160	0
2,400	34          2,400	0


dataset_esperandoentrega

Anylogic            Modelo
Tempo   Tamanho     Tempo   Tamanho
240	    0           240	    0
480	    0           480	    0
720	    0           720	    0
960	    0           960	    0
1,200	0           1,200	0
1,440	0           1,440	0
1,680	0           1,680	1
1,920	0           1,920	0
2,160	0           2,160	0
2,400	0           2,400	0


filabalcao

Anylogic            Modelo
Tempo   Tamanho     Tempo   Tamanho
240	    0           240	    0
480	    0           480	    0
720	    1           720	    2
960	    7           960	    5
1,200	9           1,200	3
1,440	7           1,440	12
1,680	11          1,680	13
1,920	14          1,920	14
2,160	14          2,160	18
2,400	3           2,400	13


filam2

Anylogic            Modelo
Tempo   Tamanho     Tempo   Tamanho
240	    3           240	    0
480	    4           480	    2
720	    5           720	    3
960	    5           960	    6
1,200	5           1,200	6
1,440	14          1,440	9
1,680	14          1,680	17
1,920	14          1,920	21
2,160	21          2,160	32
2,400	8           2,400	22


filam4

Anylogic            Modelo
Tempo   Tamanho     Tempo   Tamanho
240	    3           240	    6
480	    10          480	    13
720	    16          720	    14
960	    16          960	    19
1,200	24          1,200	22
1,440	27          1,440	17
1,680	32          1,680	21
1,920	43          1,920	23
2,160	44          2,160	38
2,400	16          2,400	29


esperandobalcao

Anylogic            Modelo
Tempo   Tamanho     Tempo   Tamanho
240	    4           240	    3
480	    4           480	    3
720	    6           720	    4
960	    4           960	    6
1,200	4           1,200	5
1,440	5           1,440	6
1,680	5           1,680	5
1,920	5           1,920	6
2,160	6           2,160	4
2,400	4           2,400	4
    

esperandom2

Anylogic            Modelo
Tempo   Tamanho    Tempo   Tamanho 
240	    4          240	    2 
480	    1          480	    4 
720	    0          720	    3 
960	    3          960	    1 
1,200	3          1,200	4 
1,440	3          1,440	2 
1,680	3          1,680	2 
1,920	3          1,920	3 
2,160	2          2,160	3 
2,400	3          2,400	4 


esperandom4

Anylogic            Modelo
Tempo   Tamanho     Tempo   Tamanho
240	    2           240	    1
480	    3           480	    0
720	    1           720	    3
960	    1           960	    1
1,200	2           1,200	1
1,440	3           1,440	2
1,680	3           1,680	2
1,920	2           1,920	2
2,160	1           2,160	4
2,400	3           2,400	3
    


